100 200 1 57
76 35 99
16 43 92
28 47 77
98 96 70
57 98 65
88 48 94
77 30 30
11 73 73
50 39 89
76 69 44
45 68 11
15 23 38
25 22 30
73 44 19
84 57 93
34 82 21
47 79 87
54 92 61
88 2 72
97 91 66
1 73 51
48 25 41
90 61 71
41 43 100
2 25 80
41 20 16
66 43 93
21 100 88
73 85 39
71 26 47
53 17 24
27 73 53
98 40 4
81 52 94
16 88 11
92 64 59
87 19 25
31 54 9
80 94 46
35 45 50
46 67 66
33 54 55
10 3 35
8 46 83
76 100 31
86 24 81
38 46 97
19 11 96
86 18 39
59 62 13
18 71 7
29 62 34
35 84 26
59 35 78
91 82 31
27 98 73
11 23 20
94 26 69
89 26 85
72 78 44
89 93 55
56 82 31
49 17 40
94 9 23
90 53 39
42 62 31
24 65 10
62 49 11
94 7 90
82 80 44
68 91 27
6 3 79
92 3 28
21 20 29
12 61 36
81 87 15
23 9 74
30 44 70
13 42 98
83 30 62
34 48 25
78 36 84
74 79 62
24 14 58
39 90 61
5 30 46
2 65 33
84 94 93
14 12 9
37 69 97
58 24 31
54 65 59
93 64 80
80 91 26
51 68 22
64 15 97
43 4 59
61 97 100
2 29 79
51 28 47
59 71 4
76 56 93
65 98 29
21 29 39
32 77 47
36 76 91
15 71 51
76 49 66
28 70 49
22 19 27
46 69 92
55 30 72
8 94 76
81 12 43
10 3 75
62 75 29
1 55 54
26 42 9
77 84 31
100 96 84
10 64 87
44 37 56
35 58 39
27 10 30
98 26 34
36 38 12
6 15 33
89 25 23
17 72 17
68 37 4
17 92 88
51 60 65
45 70 56
1 61 98
7 12 96
87 78 90
84 75 28
39 20 32
47 76 75
71 64 44
55 94 86
57 82 2
11 47 4
78 24 93
15 66 100
56 69 17
68 33 10
64 37 51
39 56 17
91 24 12
22 78 71
100 90 87
47 4 22
66 62 14
19 18 3
52 95 72
57 24 90
34 86 86
42 13 21
81 48 35
26 12 14
15 24 26
94 47 46
33 71 44
28 73 49
91 94 87
34 1 56
63 20 74
49 22 8
42 48 17
92 44 25
36 18 46
69 76 63
91 77 86
97 1 15
94 5 95
98 25 45
23 86 91
71 77 37
85 9 99
28 68 87
63 86 20
64 52 59
54 85 37
94 43 20
77 48 67
18 33 43
78 84 41
47 76 39
54 88 50
94 81 94
31 1 15
3 35 82
46 23 52
35 64 43
16 28 62
75 69 63
86 75 75
26 80 9
2 81 53
1
47
