1000 2000 82 33
917 179 41
770 900 95
139 915 31
690 349 56
664 831 38
736 882 10
9 806 39
701 339 58
489 404 63
795 690 89
362 707 75
976 734 6
337 212 7
732 803 21
26 894 58
623 336 89
353 294 21
55 433 32
331 255 58
456 582 53
812 123 15
36 771 10
482 123 56
270 330 61
290 651 81
345 925 8
753 306 54
685 440 99
301 816 73
652 326 17
621 904 33
314 794 53
46 384 84
188 65 39
583 318 59
658 830 67
263 109 43
279 342 81
389 536 84
448 205 94
784 214 81
827 352 17
880 311 35
322 996 81
661 846 2
367 286 5
534 46 87
146 300 49
588 177 96
977 380 32
743 799 25
927 812 94
985 804 40
152 834 48
394 974 70
500 164 61
380 357 31
370 810 16
175 378 36
726 721 55
743 77 80
165 347 77
349 713 81
512 590 98
355 243 34
439 978 91
115 147 52
464 111 33
82 169 9
480 518 75
1 340 76
585 735 23
620 423 36
237 498 84
727 149 26
442 49 93
989 165 1
557 350 60
690 169 57
267 760 7
739 164 99
150 772 2
876 722 47
621 953 89
898 452 49
39 772 77
962 51 33
448 366 72
74 156 38
485 802 65
46 925 30
317 603 28
797 776 47
168 405 15
757 733 8
12 610 38
460 996 45
285 288 88
656 467 20
805 897 81
641 348 98
868 643 90
653 450 89
505 113 31
4 886 47
449 393 97
493 61 46
56 455 72
377 731 85
14 145 49
158 382 71
922 532 55
94 60 26
717 799 83
609 78 10
904 903 2
519 393 51
904 683 15
275 194 12
723 64 93
876 434 45
651 863 69
477 314 4
842 997 56
904 537 43
758 851 91
461 675 80
702 455 11
529 547 84
837 10 83
245 596 73
199 35 44
389 365 4
506 140 52
842 595 62
15 275 73
201 955 94
496 356 4
741 719 18
604 853 37
969 24 69
160 337 29
67 605 85
656 481 10
214 843 65
510 631 89
110 205 6
266 669 2
961 101 77
771 94 84
635 868 71
348 467 16
923 118 41
138 864 48
660 266 54
421 671 26
182 216 75
277 652 98
478 667 97
935 963 11
435 905 68
368 960 1
75 848 15
280 381 48
372 76 82
930 193 84
855 350 60
307 494 98
330 294 22
625 675 29
420 683 79
278 483 76
142 626 85
165 109 58
160 622 79
76 518 63
297 511 81
802 987 62
163 662 13
66 91 27
511 495 35
800 517 84
36 536 99
604 477 42
398 113 32
716 309 24
20 892 17
271 801 2
417 974 43
775 651 71
23 614 21
558 152 73
49 229 100
812 322 5
768 39 32
279 88 7
32 385 20
21 554 10
188 51 9
622 401 76
415 487 21
252 534 21
620 330 83
975 441 45
79 987 65
572 245 82
461 458 82
46 619 50
770 538 5
263 572 94
857 538 5
184 930 23
633 824 21
968 840 93
141 558 39
649 528 97
149 17 28
585 670 71
531 423 15
143 732 1
432 658 51
411 429 38
680 202 74
235 957 69
435 911 56
283 144 4
758 759 50
205 226 84
297 412 79
681 855 83
681 50 35
46 772 1
824 423 61
658 14 11
115 819 92
166 768 85
156 434 82
733 450 64
466 856 65
582 664 15
870 620 33
216 600 59
263 583 37
237 377 37
999 214 12
681 200 17
767 510 79
421 108 3
720 304 68
887 748 44
155 622 42
837 295 61
452 276 84
154 148 99
466 57 83
718 363 12
706 896 16
540 771 92
564 218 12
624 101 83
405 534 33
120 585 78
295 115 5
645 591 24
741 205 30
769 777 71
115 471 34
467 623 71
422 759 78
641 307 85
624 456 60
140 693 75
470 875 21
82 985 55
325 591 73
536 640 26
506 171 39
838 996 31
505 393 71
999 535 52
744 813 21
8 430 79
756 910 58
833 706 16
923 220 69
522 647 26
20 51 92
152 504 57
572 775 68
200 562 15
434 223 67
106 544 97
918 758 100
145 823 71
924 951 60
842 963 41
407 937 54
859 585 21
564 636 23
543 534 63
372 915 76
830 200 100
822 618 80
697 683 49
627 777 14
622 566 61
923 217 97
945 463 1
409 14 82
428 748 47
210 462 95
975 499 74
995 257 38
467 836 77
532 273 89
204 917 90
95 307 10
605 622 84
678 454 70
776 974 84
955 131 89
277 405 4
969 918 81
699 268 81
315 684 79
885 682 54
179 685 90
646 879 49
893 316 15
856 150 30
980 460 33
752 438 61
6 941 21
902 193 28
36 983 3
900 313 9
572 965 98
141 752 97
514 797 90
376 134 62
700 752 77
372 704 57
813 605 16
262 391 39
444 27 2
937 230 48
893 526 25
612 193 57
7 992 20
570 386 88
768 68 84
862 556 29
454 607 6
757 445 35
56 815 84
473 823 47
604 985 15
282 384 16
345 469 5
448 939 39
839 421 84
78 590 49
549 478 74
464 325 78
52 509 54
792 463 88
578 797 7
789 95 84
1 376 48
726 869 79
633 852 91
389 238 1
827 559 5
999 937 62
759 718 65
555 483 54
304 514 88
264 693 50
574 117 49
476 604 15
852 323 81
945 297 86
411 260 34
210 866 25
126 784 19
367 361 49
247 723 55
230 3 83
361 676 59
290 787 36
695 312 72
327 352 39
46 44 73
415 163 46
534 58 21
822 877 1
686 675 24
85 169 41
873 198 44
325 374 20
67 848 73
169 87 88
176 469 12
689 38 82
183 117 53
460 678 73
738 58 91
182 856 67
553 457 77
698 896 83
639 430 81
225 632 87
52 693 99
147 61 15
149 838 84
781 577 10
417 896 17
212 497 53
462 785 51
176 31 18
771 245 23
69 970 74
406 341 40
822 756 69
256 185 79
26 556 33
832 833 19
955 694 58
901 216 82
660 455 33
272 722 28
27 605 43
401 743 50
23 53 23
480 464 50
531 470 26
54 729 85
739 7 66
109 488 80
495 733 62
677 581 39
622 399 89
801 522 42
509 749 53
417 500 81
15 221 2
408 234 47
302 776 58
89 990 74
106 925 87
301 569 50
722 404 63
457 148 99
449 77 86
453 396 7
618 233 58
807 773 41
7 241 39
945 474 82
382 222 65
248 27 81
13 201 55
479 55 85
895 715 92
515 980 68
959 472 96
543 565 92
508 191 100
818 500 13
893 588 46
280 304 6
279 986 16
870 600 96
532 219 78
370 288 83
694 137 2
602 522 96
373 618 39
108 937 86
197 327 85
781 98 68
947 902 67
821 12 54
265 88 10
307 177 7
128 765 93
309 405 19
309 310 49
683 334 23
102 539 31
155 997 53
495 399 27
456 172 87
496 856 83
406 119 98
929 35 36
857 631 30
785 6 87
831 669 42
842 296 76
219 228 22
249 30 75
35 986 96
812 679 8
884 113 63
909 354 57
956 816 76
246 30 8
96 358 94
269 995 18
791 714 1
546 950 29
382 149 46
470 386 38
141 265 66
559 69 79
97 541 96
489 905 6
908 697 79
646 188 54
714 918 65
728 137 37
629 178 40
862 944 55
779 347 22
29 491 1
550 337 39
585 370 73
596 681 77
285 409 69
583 783 44
751 17 78
207 107 15
895 612 63
711 839 82
273 669 34
573 784 57
784 302 70
343 162 77
149 299 21
825 73 45
64 552 92
483 973 44
926 254 64
866 909 57
500 787 26
750 216 6
171 66 59
588 263 89
388 273 65
908 86 96
117 89 73
318 189 99
652 603 49
120 225 23
371 193 97
635 704 61
37 954 14
710 398 76
464 946 29
986 777 79
723 728 85
448 171 38
658 714 63
344 392 92
887 38 18
475 30 57
539 258 15
603 741 84
765 719 50
465 719 31
641 41 33
535 530 1
709 241 11
663 987 96
960 70 69
539 124 28
283 649 37
94 673 95
253 624 28
467 511 22
809 997 22
124 254 20
378 583 83
822 417 14
866 793 84
154 227 51
831 650 93
559 140 24
623 573 13
198 332 74
989 786 39
245 535 18
188 948 7
337 609 85
771 524 10
237 148 25
330 301 54
23 407 75
563 192 94
901 137 27
164 811 43
988 534 4
196 390 62
225 825 80
180 446 1
43 994 51
312 14 12
553 897 67
837 730 7
471 804 40
77 589 32
862 678 52
929 981 6
229 249 89
350 558 39
146 908 77
483 500 9
189 247 3
977 484 16
663 174 52
691 253 62
14 77 96
64 10 24
669 67 49
839 467 40
217 970 52
699 565 91
878 45 71
910 151 61
116 483 6
522 183 15
44 379 46
574 956 95
71 247 70
317 564 86
504 526 68
973 480 74
432 900 7
214 894 98
346 341 66
73 400 6
760 946 49
932 995 27
606 778 18
659 962 99
189 221 74
936 292 13
418 949 24
85 67 64
992 878 99
865 342 89
908 511 52
114 265 29
23 688 38
418 483 83
896 614 76
956 743 94
323 869 39
960 975 19
100 661 29
734 886 2
41 616 78
927 237 26
54 67 37
218 177 26
610 147 37
469 450 36
906 209 68
697 302 4
644 416 76
387 223 54
624 135 13
344 858 56
161 106 86
361 889 79
73 277 8
559 315 88
614 932 84
920 275 13
951 396 88
178 678 69
692 166 79
808 304 44
484 605 64
227 65 7
840 709 45
642 331 95
848 791 60
92 767 35
804 786 91
740 354 8
118 355 3
623 745 45
301 328 53
339 620 27
701 457 61
840 330 14
397 160 31
962 176 8
9 947 48
31 736 97
25 415 24
830 624 36
994 839 81
577 928 84
475 68 28
60 928 22
137 983 98
293 880 58
903 333 89
279 226 84
744 946 48
58 461 85
847 385 84
60 211 73
377 250 28
318 725 87
681 485 39
904 284 67
220 462 44
958 860 23
654 33 50
799 932 4
372 496 85
690 841 38
699 738 21
836 371 47
704 214 73
864 215 25
945 168 62
22 951 19
492 451 40
167 39 80
415 416 85
95 57 20
664 861 73
251 859 90
781 577 74
69 38 19
254 734 12
54 578 63
440 696 31
539 569 13
445 14 16
771 369 35
571 158 45
607 605 13
579 365 84
827 502 37
42 791 54
516 294 68
932 843 100
2 84 80
816 259 46
487 687 7
182 794 76
88 476 70
600 39 41
428 490 81
176 697 1
555 545 2
325 234 97
880 94 76
596 657 45
681 337 33
572 987 90
414 882 7
490 753 73
449 97 51
703 399 48
757 653 47
14 460 83
633 976 21
554 390 29
382 232 20
391 320 4
775 400 39
151 157 94
57 32 91
128 502 37
978 58 17
908 219 41
150 447 68
457 71 36
840 865 96
802 455 15
190 258 51
197 675 42
112 836 96
854 973 89
954 850 69
515 410 29
103 551 77
401 271 68
880 333 23
223 349 50
598 640 29
362 480 100
228 556 19
793 156 30
424 780 38
9 856 34
11 396 84
459 64 10
486 330 38
116 493 28
175 120 65
101 320 4
845 84 97
516 63 95
984 332 27
434 622 94
396 852 36
918 49 45
895 81 94
810 841 49
448 178 94
804 101 7
147 13 38
712 442 74
242 904 36
124 446 22
878 74 16
347 977 2
318 169 35
14 917 96
247 148 80
383 448 39
61 892 55
96 7 41
864 422 94
620 549 66
90 20 47
124 700 89
423 372 100
236 298 77
357 224 78
622 991 42
367 176 89
695 262 89
349 941 74
800 27 41
46 575 85
368 516 88
616 385 61
200 522 24
38 651 94
287 121 6
275 536 18
375 933 44
262 905 15
279 56 29
471 825 79
146 289 18
169 74 8
519 783 71
632 184 34
891 774 24
420 556 11
275 57 4
510 875 39
862 873 7
306 520 4
187 20 15
925 631 2
686 313 72
969 564 90
529 995 89
111 867 47
712 716 77
932 672 67
469 859 22
551 481 4
517 289 43
698 627 38
770 504 17
446 186 84
379 509 16
939 749 100
552 911 75
504 577 40
706 136 33
872 380 38
658 499 61
902 798 27
592 895 51
658 274 47
375 931 68
555 962 40
784 897 8
999 396 85
100 344 38
817 687 37
917 373 53
74 730 99
70 218 64
636 495 56
129 297 15
114 75 2
458 929 92
523 33 35
171 346 40
400 896 63
967 878 40
644 538 46
106 793 85
540 135 13
281 514 51
495 480 57
477 498 53
719 56 97
238 380 72
727 175 97
645 781 18
584 416 87
794 101 44
911 550 30
215 14 13
833 123 1
756 765 53
873 913 89
197 935 8
200 28 65
272 126 100
511 191 53
668 323 55
641 965 25
222 917 50
292 915 44
61 43 38
113 500 97
176 38 96
705 396 33
758 867 64
91 89 65
278 695 89
323 471 45
112 147 24
388 515 34
779 787 41
753 850 5
272 881 49
937 754 56
703 662 30
649 105 48
24 420 51
534 261 15
973 397 5
202 164 76
854 400 10
342 748 8
981 333 91
185 76 35
186 95 32
560 444 83
609 873 18
455 459 20
635 491 70
558 280 29
402 223 72
431 355 46
112 975 54
734 524 30
834 762 69
482 44 34
417 886 59
867 282 82
193 599 63
428 137 19
749 440 86
75 111 29
770 89 95
734 201 7
35 499 34
361 725 57
525 448 84
525 328 37
916 709 53
362 305 81
741 148 5
960 317 99
77 900 32
106 13 18
90 692 57
684 676 56
360 192 37
166 541 24
566 779 65
937 684 9
546 846 41
113 235 11
946 47 86
763 520 50
844 814 82
441 277 5
80 467 21
572 775 72
332 43 43
818 819 1
824 813 17
696 326 86
803 743 5
504 412 95
94 855 6
646 427 71
631 774 99
239 873 64
200 663 98
779 42 76
144 153 59
404 502 25
18 120 50
679 923 21
909 859 46
307 934 38
755 969 79
144 495 15
14 781 74
666 221 79
392 443 55
197 16 57
577 483 44
98 774 32
342 198 24
939 968 12
880 30 74
171 485 38
435 659 34
201 607 25
472 387 39
287 581 54
420 465 99
581 688 81
497 137 76
243 401 95
829 90 13
199 34 61
850 860 80
835 420 70
430 692 32
123 353 78
644 767 65
205 667 36
986 867 22
338 525 89
220 267 52
59 103 8
961 380 45
55 927 4
788 363 32
980 823 64
61 282 14
756 801 66
9 642 83
378 314 27
759 315 30
588 725 57
612 913 78
267 319 78
697 241 83
840 163 80
619 204 100
274 670 85
147 35 58
309 430 61
8 812 68
925 94 29
673 227 68
443 973 14
110 805 53
390 976 78
913 648 55
118 820 10
353 367 92
612 848 12
815 620 84
334 827 71
124 542 87
170 609 41
811 806 68
672 796 7
707 468 77
461 520 47
943 935 89
164 526 86
89 492 99
912 166 80
76 950 73
904 447 32
73 407 23
57 448 88
348 509 56
370 779 45
264 480 16
323 984 43
223 396 32
447 104 56
174 946 19
156 204 81
513 187 19
913 717 29
258 647 31
359 748 84
104 690 21
458 892 100
845 417 50
186 606 55
408 628 9
508 5 59
85 787 89
230 771 71
337 749 19
547 508 93
938 367 23
636 977 80
341 697 65
480 256 100
129 567 46
348 290 47
29 903 12
86 492 86
990 270 31
822 722 32
899 536 2
37 624 29
652 695 37
323 618 86
200 770 51
36 311 12
13 258 79
322 785 96
309 785 47
537 680 38
319 660 85
606 864 37
803 987 92
249 39 9
322 422 17
773 196 64
950 345 70
469 596 86
173 323 56
177 446 32
27 715 78
977 289 53
97 388 65
33 731 96
936 203 8
957 654 24
130 533 50
270 518 33
939 790 95
326 214 33
955 432 49
872 268 14
255 496 47
923 241 87
880 567 66
545 621 41
28 359 43
227 778 20
436 676 51
135 959 53
358 262 10
579 840 18
971 627 63
692 308 71
299 817 96
347 183 35
103 924 93
479 418 28
895 861 24
40 743 35
774 444 84
962 32 7
234 959 93
97 666 15
496 123 31
860 117 22
622 642 12
997 872 11
555 878 83
319 235 12
476 620 95
152 428 15
256 548 22
49 246 3
134 47 37
428 518 91
853 946 16
469 711 57
317 163 42
203 97 93
900 577 28
537 366 16
898 392 22
344 356 43
96 517 78
200 473 60
215 518 71
118 715 60
301 102 36
743 752 54
709 119 14
917 366 30
47 432 35
937 395 41
293 18 89
331 7 40
31 453 54
222 840 46
345 408 65
462 726 87
500 80 35
150 344 98
922 472 18
557 214 51
718 482 43
464 64 17
618 461 68
558 415 21
722 127 81
871 242 12
362 316 50
87 756 33
923 56 37
74 628 77
851 225 55
375 493 31
533 1000 12
338 430 99
879 273 67
500 780 83
659 273 88
701 822 18
655 848 29
77 57 44
32 606 63
215 214 85
364 570 13
943 216 31
487 601 72
157 714 65
352 116 29
483 888 74
565 93 96
59 733 3
516 178 74
36 525 73
299 978 13
302 195 6
171 784 46
891 373 26
752 254 99
264 422 12
515 780 26
276 132 86
75 801 49
489 67 89
553 896 47
888 33 29
707 190 75
346 467 49
403 251 19
540 504 73
24 750 80
282 429 96
797 422 67
239 753 44
681 87 39
227 97 43
31 369 93
678 630 4
167 279 52
412 61 70
12 630 54
977 967 92
31 188 93
230 42 17
411 851 2
5 879 34
850 861 31
553 958 98
375 130 69
626 150 37
549 272 93
151 9 79
712 218 58
620 751 35
187 980 71
46 978 27
642 429 44
100 810 66
552 494 18
328 33 100
555 394 96
758 465 53
71 974 32
668 460 4
96 339 22
515 501 14
339 89 75
557 925 43
87 430 53
223 864 51
847 799 31
584 640 9
803 654 39
897 178 27
752 501 39
368 24 90
749 161 15
200 806 61
360 394 90
563 289 95
288 538 72
787 524 82
979 708 16
916 461 37
138 278 11
622 351 13
659 609 100
841 129 79
480 633 13
250 575 36
190 504 86
205 615 42
568 400 52
859 894 14
165 672 77
598 531 95
391 710 93
921 229 94
277 302 52
525 465 57
363 778 78
538 454 76
144 314 26
890 884 82
167 77 4
668 841 93
490 800 60
304 534 97
836 950 44
726 146 70
734 361 16
155 604 27
533 664 35
902 543 41
593 298 58
144 913 84
920 145 80
290 292 58
204 201 74
187 264 77
618 203 90
482 8 93
132 357 58
544 413 38
833 876 69
65 528 43
964 13 37
573 83 72
818 72 53
538 433 4
79 693 48
60 173 10
163 531 79
311 73 88
544 687 74
683 71 1
455 314 25
321 613 77
773 174 90
62 148 14
231 978 13
630 25 41
773 979 51
506 912 49
990 765 39
244 533 39
447 674 41
113 285 70
234 80 49
572 456 49
307 456 55
432 710 60
179 340 60
318 228 35
460 13 37
307 713 87
574 830 78
661 301 63
83 674 54
267 979 69
935 588 40
642 457 62
623 265 17
169 669 7
531 980 66
983 850 89
62 114 46
955 483 72
109 279 97
380 687 35
902 56 70
202 902 51
147 754 60
749 435 32
615 514 18
100 42 63
423 374 28
256 843 22
148 124 33
617 254 85
793 298 13
865 778 58
776 358 57
80 281 3
921 694 48
808 198 42
949 690 5
745 650 60
471 399 26
975 178 46
428 111 66
75 845 85
901 400 98
839 876 64
938 995 80
670 794 16
961 454 8
842 918 3
296 794 16
807 927 100
335 713 66
960 864 78
448 570 1
377 652 74
627 431 12
389 810 12
61 490 29
936 908 89
168 562 70
159 261 45
465 340 28
854 449 32
270 151 4
106 697 39
94 80 26
240 158 69
222 712 7
422 437 84
880 370 39
136 276 94
550 865 87
909 341 89
183 785 92
403 672 84
273 636 49
520 885 15
408 128 93
434 50 80
806 999 24
521 465 88
571 495 55
931 349 57
246 827 30
113 535 53
669 977 18
368 220 98
417 637 51
545 241 99
693 533 82
596 377 79
440 727 86
706 245 68
832 263 52
491 949 34
185 301 21
280 271 69
247 759 16
113 13 24
392 98 56
528 43 20
678 783 43
991 730 44
811 235 15
504 518 65
453 263 88
92 814 57
404 1 6
982 189 19
840 986 36
759 636 2
488 321 79
461 154 98
673 472 69
424 270 34
996 581 92
269 20 4
723 828 93
583 686 71
405 323 80
106 733 99
775 765 54
561 160 81
285 891 69
474 596 11
409 87 43
624 620 62
267 387 81
25 170 15
922 354 53
457 303 36
329 901 91
495 152 99
206 152 5
158 105 66
478 701 73
310 221 53
276 729 27
692 254 65
396 261 78
471 666 34
179 696 94
533 63 95
9 731 23
453 409 4
81 21 45
421 505 92
792 832 89
62 743 84
260 659 78
358 195 11
903 617 43
526 791 31
428 161 52
478 833 36
353 504 6
246 864 95
93 91 28
261 547 25
97 218 35
797 21 67
985 249 30
427 343 97
887 833 62
362 135 40
109 733 42
219 233 56
15 457 9
363 441 90
143 444 9
521 845 63
994 348 45
742 962 59
978 278 6
86 621 29
718 678 12
742 922 60
798 36 70
462 809 7
11 807 63
720 527 83
6 118 34
337 588 80
200 892 3
760 187 19
730 947 71
309 46 55
965 85 2
916 659 83
916 871 95
649 33 53
736 614 49
653 591 83
740 582 48
537 471 10
99 800 45
667 174 32
254 740 46
167 112 52
914 328 20
839 185 34
889 111 27
918 566 72
439 588 7
360 822 22
209 497 84
670 810 34
872 507 65
401 733 100
348 168 67
917 479 31
342 196 16
56 484 61
646 552 14
146 196 95
910 700 81
647 412 8
454 702 28
771 317 31
626 434 62
357 83 87
552 628 53
654 553 58
799 381 43
252 706 33
652 818 57
986 123 58
158 178 56
689 839 54
492 121 66
813 699 46
493 1000 44
297 26 9
704 680 40
276 211 44
533 207 54
825 578 95
947 185 66
977 44 2
219 603 37
859 911 11
517 899 5
783 697 26
922 915 41
974 584 81
753 848 62
990 282 76
645 366 90
533 789 12
999 582 74
715 240 66
55 386 14
372 731 33
265 456 87
534 981 53
918 885 66
320 981 41
568 700 75
444 595 68
897 623 44
143 719 19
222 940 6
509 866 50
16 259 95
842 619 25
219 472 78
862 837 81
362 356 8
160 606 11
834 472 92
110 563 35
990 124 18
619 842 65
763 244 75
866 536 88
645 773 23
187 972 67
482 358 18
379 659 80
268 146 84
520 150 49
532 741 64
445 240 94
101 620 63
722 924 37
46 466 34
824 494 78
525 464 33
531 896 3
216 516 61
825 312 40
573 437 36
970 576 2
236 326 58
992 541 77
195 169 63
280 916 64
162 469 20
633 450 49
168 979 35
229 155 12
454 77 99
941 733 72
98 600 59
41 902 44
566 187 9
400 994 99
593 576 49
77 769 3
406 859 7
987 505 37
580 112 2
402 583 85
653 162 2
698 596 9
963 192 56
502 325 84
704 602 80
437 146 93
284 117 88
701 219 31
660 986 51
576 808 99
193 118 16
604 433 92
391 653 23
701 101 18
607 128 31
181 22 33
310 305 34
935 908 7
350 692 30
400 312 84
325 352 22
703 348 6
53 990 4
782 801 18
892 393 79
225 689 1
141 694 75
686 238 25
454 110 95
589 467 97
684 753 12
778 720 32
667 509 76
272 11 75
393 471 90
393 54 13
605 296 23
203 955 95
956 332 99
324 319 54
421 335 77
706 733 56
262 505 72
68 346 11
613 715 48
532 681 1
842 42 28
864 119 81
741 116 93
207 218 4
845 864 74
953 29 71
257 898 53
274 247 87
817 606 49
305 925 10
615 13 26
827 980 17
274 910 94
989 299 46
603 431 37
153 913 44
468 596 15
552 706 16
589 910 23
370 200 78
928 575 19
177 351 48
495 477 66
876 384 18
468 357 67
666 11 95
754 306 4
805 23 11
442 54 17
282 507 57
816 872 33
837 561 50
999 342 80
890 913 2
409 52 39
809 204 82
35 381 85
193 827 39
473 874 20
376 879 14
861 209 99
242 633 60
638 375 24
584 188 23
958 425 37
26 321 33
212 950 2
728 27 48
452 441 1
397 388 79
867 734 82
941 352 28
39 418 57
24 953 78
53 280 70
887 898 12
701 769 10
726 871 3
155 859 59
843 428 92
583 574 82
78 853 61
423 634 79
193 326 94
715 404 17
921 979 34
858 491 14
589 571 91
898 742 1
831 200 82
461 760 24
673 826 43
546 726 53
953 941 40
729 87 76
511 879 19
331 613 12
766 311 70
442 4 24
449 570 63
228 520 16
704 567 40
885 476 9
722 973 24
518 711 91
189 250 74
104 641 25
757 904 89
141 207 75
265 539 84
89 3 70
907 974 52
412 807 51
961 63 63
755 43 24
247 631 91
975 381 58
359 38 64
822 808 18
244 710 10
569 160 18
755 142 54
702 396 27
915 642 26
734 333 3
982 50 7
817 398 95
176 351 98
433 636 71
63 397 73
867 560 29
524 205 16
133 570 92
633 873 47
388 48 56
810 374 30
861 775 9
721 140 64
30 977 97
996 730 55
582 271 7
553 600 4
162 73 82
166 956 18
481 723 12
986 401 64
843 978 14
807 980 44
876 128 84
156 105 92
319 835 17
773 893 36
729 780 78
950 109 30
866 327 27
312 830 56
531 758 10
306 46 52
565 443 66
604 51 23
870 645 74
871 75 51
73 842 36
889 852 39
46 294 39
48 476 45
319 114 20
964 379 91
572 856 32
202 959 96
697 134 78
902 640 28
695 530 95
432 861 74
104 557 41
82 406 2
479 281 66
681 435 23
942 887 73
34 749 94
241 741 85
486 75 55
428 861 69
248 768 43
360 883 11
190 107 79
43 391 76
287 23 100
976 834 72
468 299 95
925 766 58
49 996 42
580 544 94
174 889 95
907 586 78
505 391 56
351 60 27
766 687 44
598 251 64
521 68 29
580 212 59
434 465 38
32 306 94
194 362 47
632 326 92
381 186 54
994 703 37
297 549 8
789 458 15
214 94 8
239 219 19
598 547 18
511 332 71
511 743 4
877 677 13
446 672 65
512 308 28
845 258 63
497 383 100
56 35 22
574 127 35
700 448 68
865 831 74
193 880 87
418 606 70
810 960 61
817 585 12
882 167 8
896 860 55
129 714 14
697 130 52
439 130 38
164 891 6
920 516 27
396 964 99
16 233 100
298 581 13
889 7 73
89 687 61
490 167 5
619 237 85
874 873 63
891 132 38
45 948 9
444 565 41
238 322 67
874 907 21
149 83 41
336 375 1
339 129 16
122 900 1
883 732 94
971 616 74
539 790 88
946 839 95
668 817 43
448 366 22
77 959 94
356 438 83
134 523 42
346 263 55
803 158 42
473 879 9
248 316 22
164 531 77
92 591 82
547 69 8
593 612 24
891 846 7
738 549 82
467 398 50
222 318 51
897 890 72
396 636 21
36 372 57
782 594 98
1000
575
665
974
64
17
657
333
527
339
810
634
644
298
219
143
132
763
316
476
74
2
269
279
106
948
600
526
337
860
410
574
35
948
4
133
613
2
72
999
403
216
815
264
145
416
22
774
769
410
119
354
352
256
755
450
364
24
420
556
30
621
981
725
956
528
925
66
698
76
534
556
397
465
941
2
719
879
156
541
548
230
303
928
869
366
492
375
414
485
232
769
729
221
885
634
485
22
769
346
595
359
828
527
780
298
316
594
158
547
89
454
310
455
704
966
544
439
535
671
31
916
600
627
676
704
451
608
624
713
790
828
394
906
176
814
444
963
740
980
117
839
306
17
450
671
948
704
416
192
870
232
336
340
1000
831
527
709
875
335
144
384
461
486
536
198
357
762
663
772
154
153
51
247
209
725
303
849
979
591
335
411
762
556
544
517
682
3
16
323
970
995
630
745
10
724
845
957
107
61
899
794
828
689
638
590
38
260
131
127
833
922
2
747
506
150
512
168
979
814
763
308
745
542
385
611
567
745
550
38
131
318
28
121
724
869
973
409
294
625
394
846
155
97
527
357
599
107
503
580
535
792
501
642
548
31
563
289
757
467
548
356
846
72
674
213
624
966
316
97
45
3
963
736
662
49
357
894
587
287
303
746
348
21
581
142
616
934
826
296
548
441
226
981
501
611
289
356
543
436
268
499
439
928
671
601
534
610
616
587
380
308
359
167
380
408
233
395
802
142
340
494
53
463
764
640
844
725
693
410
536
875
761
924
811
774
816
811
357
948
564
774
766
899
78
599
963
890
448
460
613
291
359
425
527
866
563
192
76
625
346
874
487
772
400
31
591
132
359
439
440
410
313
119
747
488
354
924
733
780
282
1000
674
2
213
323
16
981
3
285
881
655
471
81
494
529
299
562
762
28
665
358
779
581
955
790
460
828
429
846
169
95
548
940
539
946
725
875
385
650
863
745
589
676
2
193
561
989
545
463
278
819
455
483
320
611
662
265
764
20
835
277
545
36
725
628
466
873
7
970
675
291
463
626
323
586
809
553
50
528
4
705
298
419
760
560
553
95
747
298
211
486
345
530
523
863
671
233
96
62
404
495
769
357
338
581
1
646
404
463
8
787
332
416
163
933
282
706
802
746
648
600
671
364
637
938
131
972
634
259
586
419
968
702
981
333
463
706
249
350
905
131
699
113
383
51
84
671
4
806
56
498
801
846
221
512
158
899
289
961
286
499
863
893
180
208
92
940
291
563
892
650
876
927
282
6
107
880
769
488
489
536
762
877
308
507
628
248
474
691
775
674
103
541
981
963
974
999
450
178
894
127
649
747
694
336
470
475
886
320
353
619
594
814
774
428
858
627
241
282
504
741
796
36
793
286
772
602
105
57
868
608
30
675
415
286
618
53
862
663
954
731
682
336
965
36
460
459
852
720
929
595
778
399
384
599
768
674
233
935
667
160
871
939
796
725
68
528
479
531
527
492
657
66
312
372
10
974
58
246
878
747
747
778
378
590
587
50
84
969
587
435
965
457
366
240
56
7
861
450
985
51
913
569
119
460
821
372
47
972
869
385
723
668
281
74
478
494
121
487
208
1000
233
269
543
936
33
680
947
659
416
935
316
208
201
787
46
818
403
822
940
74
429
181
676
426
340
493
651
355
333
646
966
952
948
229
492
142
84
906
232
18
451
659
263
824
819
786
844
551
376
38
356
906
586
686
886
413
274
800
43
848
466
375
640
151
671
463
597
675
671
984
542
3
356
933
849
1
972
479
125
634
512
436
894
125
478
827
729
289
74
580
724
548
436
946
191
111
714
245
400
413
581
105
980
489
850
655
671
150
83
41
907
179
905
462
785
462
221
374
735
173
224
494
399
192
765
307
688
995
102
425
814
852
277
796
335
987
152
324
792
723
520
316
810
674
455
541
241
455
846
739
868
637
119
964
256
556
10
721
308
790
232
88
333
398
286
486
628
142
818
550
132
651
226
640
751
684
370
722
499
731
244
849
63
187
507
544
928
499
686
886
132
650
822
224
611
675
719
329
451
45
467
503
605
644
410
817
735
121
96
66
10
816
875
91
948
581
208
594
6
745
16
454
256
395
210
765
102
485
924
741
929
800
294
816
839
872
289
242
868
211
233
524
510
830
376
548
711
188
517
135
724
562
423
116
575
56
601
60
19
320
942
314
201
927
351
37
931
930
386
213
877
942
343
963
320
972
556
556
426
375
743
560
15
650
211
507
314
513
338
304
179
724
870
40
330
127
863
940
772
