-1
-1
546
395
-1
-1
-1
-1
317
264
-1
428
-1
323
111
-1
347
-1
312
410
-1
178
334
39
-1
284
330
159
468
-1
405
414
-1
-1
-1
181
-1
-1
276
348
273
374
236
-1
-1
444
297
-1
-1
-1
-1
138
221
364
-1
-1
284
312
-1
333
281
-1
-1
310
360
312
465
251
409
299
-1
219
564
166
-1
533
355
416
-1
-1
370
-1
-1
-1
-1
-1
322
226
349
-1
-1
460
-1
321
-1
349
444
-1
66
-1
-1
-1
-1
-1
-1
-1
-1
194
541
373
306
356
425
337
-1
-1
203
-1
-1
249
191
284
453
-1
337
-1
-1
352
-1
-1
-1
616
435
1
-1
213
-1
397
175
446
208
264
-1
-1
-1
-1
337
-1
-1
249
-1
323
-1
-1
296
-1
298
-1
-1
306
-1
289
245
-1
457
-1
-1
318
-1
433
347
-1
162
367
-1
-1
-1
-1
-1
-1
220
-1
-1
-1
-1
-1
-1
-1
401
541
160
396
-1
-1
-1
337
74
-1
245
-1
397
-1
262
346
-1
-1
186
-1
-1
261
221
-1
-1
145
441
-1
347
-1
-1
347
-1
-1
-1
-1
-1
-1
-1
198
-1
-1
264
-1
-1
-1
-1
224
286
-1
-1
616
-1
298
342
-1
-1
-1
-1
-1
240
-1
248
-1
288
-1
249
-1
-1
276
236
-1
-1
-1
-1
-1
-1
352
-1
-1
342
-1
-1
-1
229
-1
188
-1
-1
-1
392
-1
-1
249
399
-1
504
-1
-1
-1
413
-1
341
-1
-1
-1
-1
-1
-1
362
-1
240
-1
203
-1
-1
-1
299
297
-1
-1
-1
-1
-1
211
-1
353
-1
-1
284
504
-1
-1
303
-1
-1
-1
-1
-1
430
-1
-1
-1
-1
485
158
297
287
158
-1
-1
339
297
430
-1
380
-1
-1
299
144
142
181
-1
-1
-1
-1
146
-1
-1
409
-1
66
455
-1
-1
321
249
-1
-1
-1
203
331
-1
-1
-1
-1
337
-1
485
-1
-1
-1
-1
-1
-1
-1
401
-1
-1
-1
355
-1
388
356
444
-1
249
198
-1
-1
-1
-1
267
260
-1
175
-1
142
-1
-1
-1
261
252
-1
-1
219
303
-1
-1
-1
-1
-1
-1
316
-1
-1
194
269
244
322
-1
179
-1
425
103
-1
-1
-1
303
-1
470
382
336
322
210
-1
-1
315
392
326
541
-1
-1
-1
419
401
-1
287
232
-1
360
-1
370
-1
-1
265
296
232
252
-1
-1
-1
245
266
-1
0
-1
-1
-1
339
300
116
291
-1
-1
226
-1
110
317
116
-1
314
403
383
-1
285
-1
-1
363
284
-1
-1
284
-1
-1
-1
113
-1
-1
-1
-1
-1
-1
314
364
-1
-1
-1
363
252
304
-1
-1
321
154
183
-1
-1
-1
-1
300
436
-1
346
-1
-1
-1
194
-1
-1
314
-1
-1
-1
242
369
-1
599
-1
-1
-1
453
-1
226
340
-1
187
-1
319
-1
337
179
-1
-1
-1
-1
-1
-1
204
253
442
360
-1
437
-1
-1
-1
546
276
-1
138
-1
-1
53
-1
589
323
-1
105
-1
-1
182
301
-1
-1
297
177
349
453
287
-1
187
202
-1
210
446
-1
-1
400
-1
232
-1
-1
333
-1
331
-1
357
303
121
318
469
-1
-1
323
304
210
142
405
482
464
450
-1
496
-1
-1
-1
161
-1
-1
86
269
188
296
240
-1
-1
77
360
214
206
-1
-1
-1
465
237
376
-1
546
374
185
426
-1
-1
496
153
-1
-1
-1
-1
314
-1
142
304
268
-1
263
436
326
369
-1
282
-1
303
206
-1
142
389
376
217
-1
-1
-1
344
146
432
410
297
-1
-1
-1
-1
-1
-1
178
362
168
0
347
240
108
-1
86
-1
-1
269
403
212
275
348
211
-1
410
-1
477
-1
-1
-1
291
-1
395
-1
317
-1
-1
-1
310
-1
504
-1
435
-1
336
-1
108
107
384
-1
-1
-1
360
62
-1
-1
435
-1
333
-1
-1
249
252
340
359
315
322
-1
367
-1
-1
-1
-1
-1
410
-1
-1
-1
-1
-1
110
-1
214
-1
-1
-1
-1
-1
-1
297
155
460
-1
410
240
-1
-1
-1
303
-1
372
298
315
321
-1
-1
-1
175
179
400
388
-1
441
-1
266
598
477
-1
294
274
294
-1
-1
-1
457
-1
-1
-1
-1
583
407
-1
160
250
-1
-1
482
336
-1
-1
222
192
209
248
344
336
-1
264
-1
425
-1
287
425
-1
300
-1
-1
-1
279
221
-1
-1
569
-1
-1
-1
382
-1
186
-1
245
-1
504
275
198
-1
-1
-1
-1
-1
330
280
179
-1
-1
272
-1
292
246
-1
-1
-1
-1
333
-1
-1
-1
211
-1
-1
-1
533
446
-1
-1
236
-1
384
428
-1
281
-1
-1
339
465
-1
287
-1
438
-1
-1
-1
-1
187
-1
-1
306
221
-1
171
583
250
349
485
202
450
252
-1
287
208
254
-1
284
-1
-1
-1
321
485
355
62
-1
290
442
-1
532
-1
-1
476
109
-1
436
-1
467
-1
-1
154
450
269
340
494
381
297
278
-1
-1
-1
154
358
-1
-1
-1
-1
-1
-1
322
216
296
277
-1
-1
-1
450
265
226
396
477
-1
249
251
207
-1
-1
-1
-1
