66
-1
-1
116
85
155
158
-1
-1
16
162
-1
118
-1
154
161
137
-1
138
198
155
-1
-1
-1
152
100
-1
155
-1
-1
-1
93
117
-1
158
141
-1
-1
159
-1
142
-1
135
146
165
-1
87
-1
-1
93
204
-1
145
-1
141
149
-1
-1
53
130
-1
89
-1
137
-1
129
133
-1
-1
76
214
-1
-1
-1
135
-1
185
116
-1
-1
-1
-1
169
-1
163
145
187
56
-1
-1
-1
-1
148
-1
205
185
115
-1
-1
138
-1
136
-1
-1
108
-1
-1
-1
115
121
149
-1
117
-1
108
96
87
-1
179
170
-1
149
-1
-1
145
136
-1
-1
139
161
-1
172
143
-1
105
202
134
201
102
151
252
-1
-1
-1
172
129
136
-1
119
-1
-1
-1
85
124
-1
169
-1
-1
-1
185
-1
-1
108
-1
155
-1
-1
148
202
-1
-1
-1
142
-1
-1
-1
-1
181
-1
74
-1
118
-1
-1
173
266
161
-1
121
154
-1
95
164
-1
88
-1
-1
171
153
95
-1
-1
137
-1
190
-1
154
136
149
-1
-1
-1
-1
135
-1
-1
98
-1
-1
107
156
173
-1
-1
-1
-1
-1
154
-1
110
-1
119
-1
248
134
87
229
-1
163
-1
-1
-1
-1
-1
128
-1
145
105
-1
-1
160
-1
128
-1
145
159
-1
-1
-1
-1
-1
150
-1
171
-1
-1
138
179
-1
-1
115
-1
160
-1
162
145
-1
184
-1
-1
-1
132
-1
138
-1
-1
-1
177
-1
-1
142
-1
-1
112
-1
-1
224
-1
117
147
-1
-1
100
-1
168
133
113
-1
198
-1
174
-1
-1
-1
157
-1
131
204
69
-1
77
153
-1
180
-1
-1
182
-1
119
-1
148
127
176
68
126
-1
-1
157
-1
109
137
147
136
127
-1
117
-1
70
125
-1
144
-1
133
-1
100
136
42
-1
-1
160
-1
-1
-1
-1
170
99
111
126
-1
-1
-1
-1
137
67
-1
122
-1
-1
117
-1
-1
203
227
62
105
119
132
171
96
-1
108
-1
-1
133
-1
-1
119
136
-1
122
-1
150
141
-1
-1
-1
217
148
-1
108
202
-1
134
164
141
167
209
-1
-1
-1
-1
-1
-1
-1
90
99
131
156
-1
122
126
114
-1
194
-1
109
-1
-1
-1
-1
-1
-1
132
-1
-1
124
-1
-1
-1
-1
124
153
-1
-1
-1
144
-1
70
15
-1
-1
76
-1
-1
128
-1
77
116
-1
-1
-1
-1
-1
-1
-1
-1
128
-1
-1
-1
87
71
-1
-1
-1
-1
-1
-1
-1
141
-1
-1
-1
-1
-1
140
-1
-1
145
-1
119
-1
-1
110
107
161
-1
-1
125
-1
-1
-1
160
179
-1
147
108
-1
155
116
129
-1
113
134
-1
-1
99
-1
-1
-1
-1
152
131
-1
-1
60
-1
114
-1
139
74
123
-1
91
-1
-1
131
-1
-1
-1
-1
104
117
-1
-1
-1
-1
-1
-1
90
-1
-1
-1
-1
61
165
-1
-1
-1
121
-1
126
-1
-1
205
-1
153
-1
124
162
-1
-1
-1
-1
182
-1
133
78
98
-1
131
-1
140
129
145
157
-1
-1
154
-1
196
-1
-1
-1
175
118
92
-1
153
-1
131
105
-1
-1
-1
-1
-1
-1
145
140
203
136
-1
-1
-1
141
108
159
-1
132
114
-1
-1
132
-1
-1
163
-1
-1
116
-1
-1
-1
-1
-1
-1
114
124
140
-1
114
-1
-1
-1
-1
-1
122
-1
-1
142
-1
128
-1
-1
-1
-1
-1
178
164
-1
115
-1
-1
141
147
171
-1
-1
128
115
172
160
-1
-1
-1
-1
-1
-1
-1
214
130
104
191
133
-1
157
-1
-1
-1
109
-1
-1
147
-1
179
-1
180
-1
117
-1
-1
158
126
204
-1
134
136
114
-1
158
-1
-1
183
-1
-1
162
138
109
171
99
-1
-1
125
127
107
177
-1
176
120
-1
166
-1
-1
-1
-1
105
81
-1
179
-1
147
140
-1
108
-1
152
-1
122
-1
-1
139
-1
-1
167
195
149
70
-1
-1
-1
-1
-1
-1
-1
-1
-1
-1
-1
-1
169
-1
95
85
-1
-1
-1
-1
-1
118
154
-1
-1
124
140
-1
81
100
122
196
169
121
-1
140
132
143
108
170
-1
168
-1
143
-1
-1
225
-1
-1
176
-1
119
-1
152
-1
99
155
-1
154
135
89
109
168
-1
144
-1
-1
-1
-1
-1
124
-1
154
137
200
-1
-1
-1
-1
-1
-1
-1
229
-1
-1
149
-1
148
121
-1
-1
-1
132
-1
76
-1
157
196
209
138
103
104
-1
146
129
-1
106
185
108
154
-1
151
-1
-1
132
-1
146
-1
163
-1
154
108
-1
-1
-1
149
93
136
119
130
-1
-1
-1
140
-1
106
102
-1
-1
-1
137
136
-1
99
145
146
-1
-1
231
-1
-1
-1
-1
107
140
-1
-1
98
109
-1
171
-1
97
-1
-1
189
-1
174
-1
135
-1
143
-1
141
-1
138
134
154
-1
-1
-1
120
-1
-1
140
135
134
65
-1
110
168
-1
-1
97
-1
-1
-1
-1
77
123
204
152
-1
-1
-1
-1
-1
207
143
-1
-1
-1
-1
144
190
-1
-1
153
-1
105
-1
-1
-1
82
-1
-1
133
144
-1
159
-1
-1
197
